date       team                   src shots  pub src ontg  pub src goals  pub  OG score   src xG   pub xG  check
2022-12-03 Argentina                     14   14        5    5         2    2   0     2   1.4816   1.4816  OK
2022-12-03 Australia                      5    5        1    1         0    0   1     1   0.4261   0.4261  OK
2022-12-03 Netherlands                   11   11        6    6         3    3   0     3   1.4819   1.4819  OK
2022-12-03 United States                 18   18        6    6         1    1   0     1   1.6521   1.6521  OK
2022-12-04 England                        8    8        4    4         3    3   0     3   1.0200   1.0200  OK
2022-12-04 France                        16   16        8    8         3    3   0     3   1.1264   1.1264  OK
2022-12-04 Senegal                       10   10        1    1         0    0   0     0   0.9728   0.9728  OK
2022-12-04 Poland                        12   12        2    2         1    1   0     1   1.5935   1.5935  OK
2022-12-05 Japan                         13   13        4    4         1    1   0     1   1.0690   1.0690  OK
2022-12-05 Brazil                        18   18       10   10         4    4   0     4   3.2614   3.2614  OK
2022-12-05 Croatia                       17   17        4    4         1    1   0     1   0.8544   0.8544  OK
2022-12-05 South Korea                    8    8        6    6         1    1   0     1   0.3448   0.3448  OK
2022-12-06 Spain                         12   12        1    1         0    0   0     0   0.4950   0.4950  OK
2022-12-06 Switzerland                   10   10        3    3         1    1   0     1   1.2718   1.2718  OK
2022-12-06 Portugal                      15   15        9    9         6    6   0     6   2.2843   2.2843  OK
2022-12-06 Morocco                        6    6        2    2         0    0   0     0   0.5704   0.5704  OK
2022-12-09 Argentina                     14   14        5    5         2    2   0     2   1.9392   1.9392  OK
2022-12-09 Brazil                        20   20       11   11         1    1   0     1   1.8163   1.8163  OK
2022-12-09 Croatia                        9    9        1    1         1    1   0     1   0.6329   0.6329  OK
2022-12-09 Netherlands                    7    7        2    2         2    2   0     2   0.5695   0.5695  OK
2022-12-10 England                       16   16        7    7         1    1   0     1   2.3526   2.3526  OK
2022-12-10 France                         8    8        5    5         2    2   0     2   0.8394   0.8394  OK
2022-12-10 Portugal                      12   12        3    3         0    0   0     0   0.7441   0.7441  OK
2022-12-10 Morocco                        9    9        3    3         1    1   0     1   0.9720   0.9720  OK
2022-12-13 Argentina                      9    9        7    7         3    3   0     3   1.8644   1.8644  OK
2022-12-13 Croatia                       12   12        2    2         0    0   0     0   0.4101   0.4101  OK
2022-12-14 France                        14   14        2    2         2    2   0     2   2.0024   2.0024  OK
2022-12-14 Morocco                       13   13        2    2         0    0   0     0   1.2304   1.2304  OK
2022-12-17 Croatia                       12   12        4    4         2    2   0     2   0.8493   0.8493  OK
2022-12-17 Morocco                        9    9        2    2         1    1   0     1   0.9915   0.9915  OK
2022-12-18 France                        10   10        5    5         3    3   0     3   2.2726   2.2726  OK
2022-12-18 Argentina                     20   20       10   10         3    3   0     3   2.7583   2.7583  OK
2024-06-29 Germany                       15   15        9    9         2    2   0     2   2.2266   2.2266  OK
2024-06-29 Switzerland                   16   16        4    4         2    2   0     2   0.7824   0.7824  OK
2024-06-29 Denmark                       10   10        2    2         0    0   0     0   1.0735   1.0735  OK
2024-06-29 Italy                         11   11        1    1         0    0   0     0   0.7257   0.7257  OK
2024-06-30 England                       16   16        2    2         2    2   0     2   1.5867   1.5867  OK
2024-06-30 Spain                         35   35       13   13         4    4   0     4   2.7647   2.7647  OK
2024-06-30 Slovakia                      13   13        3    3         1    1   0     1   1.5478   1.5478  OK
2024-06-30 Georgia                        4    4        0    0         0    0   1     1   0.1131   0.1131  OK
2024-07-01 France                        19   19        2    2         0    0   1     1   1.2620   1.2620  OK
2024-07-01 Portugal                      20   20        6    6         0    0   0     0   1.7212   1.7212  OK
2024-07-01 Belgium                        5    5        2    2         0    0   0     0   0.3632   0.3632  OK
2024-07-01 Slovenia                      10   10        2    2         0    0   0     0   0.7155   0.7155  OK
2024-07-02 Romania                        5    5        1    1         0    0   0     0   0.2677   0.2677  OK
2024-07-02 Turkey                         6    6        3    3         2    2   0     2   0.8825   0.8825  OK
2024-07-02 Austria                       21   21        5    5         1    1   0     1   2.4870   2.4870  OK
2024-07-02 Netherlands                   24   24        6    6         3    3   0     3   2.6262   2.6262  OK
2024-07-05 Germany                       23   23        5    5         1    1   0     1   1.6291   1.6291  OK
2024-07-05 France                        20   20        5    5         0    0   0     0   1.0674   1.0674  OK
2024-07-05 Spain                         19   19        6    6         2    2   0     2   1.5341   1.5341  OK
2024-07-05 Portugal                      15   15        4    4         0    0   0     0   1.4088   1.4088  OK
2024-07-06 England                       13   13        3    3         1    1   0     1   0.5370   0.5370  OK
2024-07-06 Switzerland                   12   12        3    3         1    1   0     1   1.2014   1.2014  OK
2024-07-06 Turkey                        15   15        4    4         1    1   0     1   1.1824   1.1824  OK
2024-07-06 Netherlands                   11   11        4    4         1    1   1     2   0.7189   0.7189  OK
2024-07-09 France                         9    9        3    3         1    1   0     1   0.8508   0.8508  OK
2024-07-09 Spain                          6    6        2    2         2    2   0     2   0.4215   0.4215  OK
2024-07-10 England                        9    9        5    5         2    2   0     2   1.2366   1.2366  OK
2024-07-10 Netherlands                    7    7        3    3         1    1   0     1   0.4122   0.4122  OK
2024-07-14 England                        9    9        3    3         1    1   0     1   0.7264   0.7264  OK
2024-07-14 Spain                         16   16        6    6         2    2   0     2   1.7917   1.7917  OK

ИТОГО по источнику: команд-матчей=62 удары=801 в створ=260 голы из ударов=84 автоголы в пользу=4 сумма счетов=88 xG=78.0146
Расхождений со счётом матча: 0; расхождений с публикацией: 0; строк в публикации (statsbomb): 62
